0.8189781546890466
0.4021400608467254
0.1133592412742096
0.5943007758827709
0.27529772753779613
0.10669388493010512
0.3251448916814894
0.7015046017702438
0.3400846234324718
0.9165012401080485
0.5249950164668556
0.8860305443469135
0.49857493851877943
0.9364869153088753
0.39717159720465445
0.9490067647935043
0.9761420344886524
0.24352442708392186
0.9845931013696604
0.6106154058703938
0.7361993909298369
0.9845290877990922
0.29434639268451723
0.8868956855479835
0.8475651571716757
0.0908164098571449
0.2502149893606219
0.26507822976753803
0.9383603888222528
0.6043617364822192
0.3621271786775301
0.47045049653972437
0.07948897624848117
0.8391361609027724
0.874029329817172
0.23591613141458967
0.8479737287691157
0.8594830327320137
0.8245407109507611
0.6348258689255873
0.5089001183226709
0.047537893006851406
0.40884837193661505
0.2183214737124679
0.2244452154135601
0.8529844350559566
0.2656518164404066
0.41034821194237503
0.9494463947883794
0.17097758353202575
0.8295688512598698
0.35665521995672844
0.20519045179453932
0.1778539259113363
0.6872654657691204
0.6985177570407956
0.23658092398678832
0.869289281116645
0.9546742928271873
0.5475788898027485
0.1525672869889716
0.9918516585412683
0.05301792560484564
0.27512222148138854
0.5256969710976153
0.5364370506833036
0.9029542483060228
0.597251731367317
0.5838770540146542
0.4708649668045728
0.4790134860900225
0.8368685843398525
0.5659096331220359
0.928949161416089
0.8705973292610268
0.17399875765762274
0.03209089857640224
0.6446483088907297
0.4811626960512133
0.15793936258289143
0.9221409023701382
0.02244063435278809
0.7638138891824579
0.7478564168310162
0.9349575029631617
0.8688549414316403
0.9393785937674399
0.6728791378510579
0.3681641389518229
0.4751305232833307
0.47214479175988955
0.9584019989619534
0.9001484237221646
0.4372662897821866
0.6887870671729489
0.05221816119396694
0.9232642398150878
0.3272598742373658
0.817612453293641
0.10227281121201759
